// Fascicle Parameters
NoF = 10.000000;
fasc_msh = 1;
fasc_x[] ={0.000000, -9.168995, -8.645589, 4.957392, -10.337573, -9.898472, -3.975811, 11.634188, 16.792690, 4.758890, -18.712751};
fasc_y[] ={0.000000, 19.482451, -20.443198, 2.121233, 10.429393, -2.790517, -17.658366, 14.794850, -3.353463, 12.968675, 5.734868};
fasc_z[] ={0.000000, 0.000000, 0.000000, 0.000000, 0.000000, 0.000000, 0.000000, 0.000000, 0.000000, 0.000000, 0.000000};
fasc_rad[] ={0.000000, 2.500000, 2.500000, 2.500000, 2.500000, 2.500000, 2.500000, 2.500000, 2.500000, 2.500000, 2.500000};
 
// Axon Parameters
NoA = 5.000000;
axon_msh = 0.1;
axon_x[] ={0.000000, 0.513360, 0.751619, -1.198595, 2.103777, 0.125560, -0.537556, -0.815673, -1.889051, 0.794909, 1.185299, -1.261674, -1.221700, 0.164475, 0.769360, -0.803893, 1.862450, 2.141562, 0.404721, -0.940723, -0.915076, -0.888421, 0.463951, 0.285229, -0.971101, -0.226357, -1.878640, 0.481301, 1.651856, -0.753083, 0.724633, -0.379452, -1.383776, -0.172761, -0.600113, -1.552836, -1.567993, -0.745009, 0.778118, 1.822244, 0.493698, 1.825960, 0.038865, 1.081125, -0.012036, 0.035065, -0.401325, 0.574309, 1.537454, 0.359960, -0.459086};
axon_y[] ={0.000000, -2.073665, 0.509725, -1.700839, -0.758451, 2.128053, 1.637627, 0.528635, 0.029138, 1.097854, -1.247408, -1.724782, -1.055955, 1.097923, 0.837650, -0.727969, 1.181788, 0.404542, -1.474706, -0.354159, 1.699926, 1.802508, 0.351319, 1.731587, -0.066940, -0.644980, -1.114661, 1.490405, -0.876555, 1.853902, -1.025884, 1.285462, 0.764115, -1.969215, -0.125255, 0.111560, 1.158407, 0.598055, -0.400295, -1.262243, 1.473399, 1.071064, 0.056206, 1.612047, 2.092718, 1.544982, 1.428763, 0.932990, -0.057940, -1.547599, -1.370720};
axon_z[] ={0.000000, 0.000000, 0.000000, 0.000000, 0.000000, 0.000000, 0.000000, 0.000000, 0.000000, 0.000000, 0.000000, 0.000000, 0.000000, 0.000000, 0.000000, 0.000000, 0.000000, 0.000000, 0.000000, 0.000000, 0.000000, 0.000000, 0.000000, 0.000000, 0.000000, 0.000000, 0.000000, 0.000000, 0.000000, 0.000000, 0.000000, 0.000000, 0.000000, 0.000000, 0.000000, 0.000000, 0.000000, 0.000000, 0.000000, 0.000000, 0.000000, 0.000000, 0.000000, 0.000000, 0.000000, 0.000000, 0.000000, 0.000000, 0.000000, 0.000000, 0.000000};
axon_rad[] ={0.000000, 0.250000, 0.250000, 0.250000, 0.250000, 0.250000, 0.250000, 0.250000, 0.250000, 0.250000, 0.250000, 0.250000, 0.250000, 0.250000, 0.250000, 0.250000, 0.250000, 0.250000, 0.250000, 0.250000, 0.250000, 0.250000, 0.250000, 0.250000, 0.250000, 0.250000, 0.250000, 0.250000, 0.250000, 0.250000, 0.250000, 0.250000, 0.250000, 0.250000, 0.250000, 0.250000, 0.250000, 0.250000, 0.250000, 0.250000, 0.250000, 0.250000, 0.250000, 0.250000, 0.250000, 0.250000, 0.250000, 0.250000, 0.250000, 0.250000, 0.250000};
axon_h = 11.500000;
axon_lay = 11.000000;
 
//Electrode Parameters;
elec_x[] ={0.000000, -1.000000, 0.000000, 1.000000, 0.000000};
elec_y[] ={0.000000, 0.000000, 0.000000, 0.000000, 0.000000};
elec_z[] ={5.750000, 5.750000, 6.750000, 5.750000, 4.750000};
elec_extr[] = {0.707107, 0.707107, 0};
elec_msh = 0.1;
elec_rad = 0.1;
elec_lay = 14;
 
//Endoneurium Parameters
endo_xyz[] = {0, 0, 0};
endo_msh = 0.5;
fasc_rad = 2.500000;
