// Fascicle Parameters
NoF = 5.000000;
fasc_x[] ={0.000000, 1.727575, -3.266695, -6.395336, 1.095216, 2.737139};
fasc_y[] ={0.000000, 2.278648, 4.770555, 3.558133, -1.053130, 8.094219};
fasc_z[] ={0.000000, 0.000000, 0.000000, 0.000000, 0.000000, 0.000000};
fasc_rad[] ={0.000000, 0.536182, 0.746335, 1.053514, 0.744434, 0.410374};
 
// Axon Parameters
NoA = 1.000000;
axon_x[] ={0.000000, 0.143323, -0.156428, 0.179047, 0.187661, 0.030606};
axon_y[] ={0.000000, -0.028966, -0.412584, -0.139593, 0.046997, -0.029421};
axon_z[] ={0.000000, 0.000000, 0.000000, 0.000000, 0.000000, 0.000000};
axon_rad[] ={0.000000, 0.250000, 0.250000, 0.250000, 0.250000, 0.250000};
axon_h = 11.500000;
axon_lay = 11.000000;
 
//Electrode Parameters;
elec_x[] ={0.000000, -0.080000, 0.000000, 0.080000, 0.000000};
elec_y[] ={-9.999920, -9.999920, -9.999920, -9.999920, -9.999920};
elec_z[] ={5.750000, 5.750000, 5.830000, 5.750000, 5.670000};
elec_extr[] = {0.000000, 19.999840, 0};
elec_rad = 0.1;
elec_lay = 14;
 
//Endoneurium Parameters
endo_xyz[] = {0, 0, 0};
