// Axon Parameters
No = 2.000000;
axon_msh = 0.1;
axon_x[] ={0.000000, 1.554241, -1.677974};
axon_y[] ={0.000000, 0.968172, -0.988351};
axon_z[] ={0.000000, 0.000000, 0.000000};
axon_rad[] ={0.000000, 0.500000, 0.500000};
axon_h = 11.500000;
axon_lay = 11.000000;
 
//Electrode Parameters;
elec_xyz[] = {0, 1.75, axon_h/2};
elec_extr[] = {3, 0, 0};
elec_msh = 0.1;
elec_rad = 0.1;
elec_lay = 14;
 
//Endoneurium Parameters
endo_xyz[] = {0, 0, 0};
endo_msh = 0.5;
endo_rad = 2.500000;
