// Fascicle Parameters
NoF = 10.000000;
fasc_msh = 1;
fasc_x[] ={0.000000, -9.152602, -12.660848, -18.688765, -5.429620, 11.540931, 5.196110, -6.619576, -16.787146, 5.811163, -2.604469};
fasc_y[] ={0.000000, -16.218294, 1.524967, 3.349123, 8.912524, 8.550564, 14.470757, 17.277868, 14.636989, -15.097394, -15.995756};
fasc_z[] ={0.000000, 0.000000, 0.000000, 0.000000, 0.000000, 0.000000, 0.000000, 0.000000, 0.000000, 0.000000, 0.000000};
fasc_rad[] ={0.000000, 2.500000, 2.500000, 2.500000, 2.500000, 2.500000, 2.500000, 2.500000, 2.500000, 2.500000, 2.500000};
 
// Axon Parameters
NoA = 5.000000;
axon_msh = 0.1;
axon_x[] ={0.000000, 0.901066, 0.551948, -1.266531, 0.285374, -0.476190, 1.513512, -1.712411, 0.188126, -2.160521, 2.054924, 0.588804, -0.329857, 0.871990, 1.250105, -0.104594, -0.896887, 0.426344, -1.023920, 1.090342, 0.435090, -1.406957, 1.835032, 1.714555, 0.464177, 2.232120, -0.526902, 0.563971, 0.234883, 0.255544, -1.778329, -2.000528, 0.274044, 1.714471, -0.156590, 0.678617, -1.015382, 0.051640, 0.549041, 2.147714, -0.040044, -1.782222, -1.129676, 0.728784, -1.429921, -0.572991, -1.706492, 1.235632, -1.484263, 2.034011, -1.795929};
axon_y[] ={0.000000, 1.103235, 1.794582, 1.538430, -0.532590, -0.918428, -0.727153, -1.356653, -0.129110, -0.334967, -0.438552, -0.542403, -0.562699, -1.231830, 0.044969, -1.637332, -1.599651, -0.718923, 0.001749, -1.174396, 2.088414, 1.580531, 1.188835, -0.216931, -1.420025, -0.221460, -0.958291, -1.339415, -1.839385, 1.635253, 0.209590, -0.407734, 1.137884, 0.733770, -0.679729, -2.032896, -0.755493, -1.484476, -1.008191, 0.121331, 1.317247, 0.207863, 0.745026, 1.494395, -0.575658, 1.925220, -0.204292, 1.358134, 0.272425, -0.763416, -1.232987};
axon_z[] ={0.000000, 0.000000, 0.000000, 0.000000, 0.000000, 0.000000, 0.000000, 0.000000, 0.000000, 0.000000, 0.000000, 0.000000, 0.000000, 0.000000, 0.000000, 0.000000, 0.000000, 0.000000, 0.000000, 0.000000, 0.000000, 0.000000, 0.000000, 0.000000, 0.000000, 0.000000, 0.000000, 0.000000, 0.000000, 0.000000, 0.000000, 0.000000, 0.000000, 0.000000, 0.000000, 0.000000, 0.000000, 0.000000, 0.000000, 0.000000, 0.000000, 0.000000, 0.000000, 0.000000, 0.000000, 0.000000, 0.000000, 0.000000, 0.000000, 0.000000, 0.000000};
axon_rad[] ={0.000000, 0.250000, 0.250000, 0.250000, 0.250000, 0.250000, 0.250000, 0.250000, 0.250000, 0.250000, 0.250000, 0.250000, 0.250000, 0.250000, 0.250000, 0.250000, 0.250000, 0.250000, 0.250000, 0.250000, 0.250000, 0.250000, 0.250000, 0.250000, 0.250000, 0.250000, 0.250000, 0.250000, 0.250000, 0.250000, 0.250000, 0.250000, 0.250000, 0.250000, 0.250000, 0.250000, 0.250000, 0.250000, 0.250000, 0.250000, 0.250000, 0.250000, 0.250000, 0.250000, 0.250000, 0.250000, 0.250000, 0.250000, 0.250000, 0.250000, 0.250000};
axon_h = 11.500000;
axon_lay = 11.000000;
 
//Electrode Parameters;
elec_x[] ={0.000000, -0.707107, 0.000000, 0.707107, 0.000000};
elec_y[] ={0.000000, 0.707107, 0.000000, -0.707107, 0.000000};
elec_z[] ={5.750000, 5.750000, 6.750000, 5.750000, 4.750000};
elec_extr[] = {0.707107, 0.707107, 0};
elec_msh = 1;
elec_rad = 4;
elec_lay = 14;
 
//Endoneurium Parameters
endo_xyz[] = {0, 0, 0};
endo_msh = 2;
fasc_rad = 2.500000;
